           4           4  0.0000000E+00  0.7789500               1           2
   2.500000               1           2   2.500000    
           4           5  0.0000000E+00  9.2772998E-02           1           2
   2.500000               1           2   1.500000    
           4           6  0.0000000E+00 -0.5693200               1           2
   2.500000               2           0  0.5000000    
           5           5  0.0000000E+00  0.1256000               1           2
   1.500000               1           2   1.500000    
           5           6  0.0000000E+00 -0.2110200               1           2
   1.500000               2           0  0.5000000    
           2           2  0.0000000E+00  1.2115000E-02           1           1
   1.500000               1           1   1.500000    
           3           2  0.0000000E+00 -6.3243001E-03           1           1
  0.5000000               1           1   1.500000    
 ------------------------------------------------------
           4           4  0.0000000E+00  0.8888800               1           2
   2.500000               1           2   2.500000    
           5           5  0.0000000E+00  0.2454000               1           2
   1.500000               1           2   1.500000    
           6           6  0.0000000E+00  0.3849000               2           0
  0.5000000               2           0  0.5000000    
           1           1  0.0000000E+00 -1.4192000E-03           1           0
  0.5000000               1           0  0.5000000    
           2           2  0.0000000E+00  2.1725999E-02           1           1
   1.500000               1           1   1.500000    
           3           3  0.0000000E+00  3.2311000E-02           1           1
  0.5000000               1           1  0.5000000    
